2,2,0,0,0,2,0
13,12,1,7,7,13,0
2,2,0,0,0,2,0
2,2,0,0,0,2,0
1,1,0,0,0,1,0
3,3,0,0,0,3,0
8,8,0,0,0,8,0
1,1,0,3,3,1,0
5,5,0,1,1,5,0
3,3,0,4,4,3,0
3,3,0,1,1,3,0
3,3,0,13,11,3,0
15,14,1,6,6,15,0
10,9,1,2,2,10,0
0,0,0,5,0,0,0
10,9,0,1,0,9,0
0,0,0,5,0,0,0
0,0,0,6,0,0,0
6,6,0,1,1,6,0
2,2,0,2,2,2,0
0,0,0,53,0,0,0
0,0,0,93,0,0,0
8,8,0,0,0,8,0
14,12,0,0,0,2,10
13,13,0,1,0,13,0
9,8,1,1,1,9,0
4,2,2,2,1,4,0
2,2,0,4,3,2,0
7,5,2,1,0,7,0
7,7,0,18,7,7,0
9,9,0,0,0,9,0
6,4,1,23,22,5,0
16,10,3,4,2,11,2
4,4,0,0,0,4,0
10,10,0,0,0,2,8
0,0,0,3,0,0,0
0,0,0,2,0,0,0
3,3,0,1,1,3,0
14,0,11,6,5,11,0
23,1,4,8,0,5,0
0,0,0,18,0,0,0
10,9,0,2,1,9,0
0,0,0,5,0,0,0
0,0,0,10,0,0,0
11,11,0,17,13,11,0
37,26,11,11,8,37,0
22,13,2,5,5,15,0
10,10,0,0,0,10,0
9,9,0,1,1,9,0
8,8,0,0,0,8,0
2,2,0,1,1,2,0
0,0,0,25,0,0,0
0,0,0,36,0,0,0
58,47,11,31,29,58,0
14,9,5,5,3,14,0
67,51,16,1,1,67,0
9,8,1,1,1,9,0
39,36,3,1,1,39,0
11,10,0,2,0,10,0
8,8,0,2,2,8,0
3,1,2,0,0,3,0
8,8,0,0,0,8,0
10,9,0,2,1,9,0
10,9,1,0,0,10,0
3,3,0,0,0,3,0
4,4,0,1,0,4,0
5,5,0,1,1,5,0
1,1,0,6,6,1,0
8,8,0,2,2,6,2
5,5,0,1,1,5,0
16,16,0,4,4,16,0
20,17,3,3,3,6,14
3,0,2,15,4,2,0
7,0,6,17,4,6,0
7,1,5,1,0,6,0
0,0,0,9,0,0,0
1,1,0,0,0,1,0
2,2,0,0,0,2,0
6,6,0,5,2,6,0
1,1,0,1,1,1,0
5,2,1,1,0,3,0
2,1,1,0,0,2,0
3,3,0,0,0,3,0
3,3,0,0,0,3,0
3,3,0,0,0,3,0
9,1,1,4,1,2,0
13,11,0,6,4,2,9
25,17,0,7,3,17,0
14,14,0,27,25,14,0
17,11,6,3,0,17,0
20,17,3,5,0,20,0
32,28,0,0,0,28,0
10,10,0,8,8,10,0
26,26,0,0,0,26,0
84,84,0,5,5,84,0
6,5,1,10,9,6,0
67,54,13,21,6,67,0
9,9,0,8,6,9,0
0,0,0,3,0,0,0
19,18,1,17,16,19,0
4,4,0,1,1,4,0
14,14,0,0,0,14,0
0,0,0,13,0,0,0
0,0,0,12,0,0,0
7,7,0,0,0,7,0
